*  通用时（计算时刻）
*  GPS周，周内秒（计算时刻）
卫星号 POS_X(km) POS_Y(km) POS_Z(km) VEL_X(m/s) VEL_Y(m/s) VEL_Z(m/s) CLK(us) CLK_VEL(us/sec)
注意：卫星号前“B”表示广播星历；卫星位置、钟差等均未经任何改正

*  2021 11 14  7 25  0.00001788
*  2184  26700.00000000
BG05  -8865.327309 -15931.659085 -19425.804117   937.323 -2253.958  1447.877      -61.010820     -0.000000
BG10 -11596.500080  23481.657355  -3215.352027   -97.719  -496.771 -3182.558     -245.763710     -0.000011
BG12 -14636.505043  -3617.728502  21602.371702  1182.240 -2540.269   384.295     -126.089378     -0.000008
BG15 -21364.171554  -5953.766188 -15250.446381  1733.927  -719.951 -2173.062     -106.599122      0.000007
BG18 -13896.843437   6329.597875 -21746.028368 -1643.447 -2212.209   396.758      295.852078     -0.000006
BG21  20981.529849  15587.465008   6872.479189   364.739   712.024 -2977.876      150.954292      0.000007
BG22  13308.824411   9755.595417  21014.838064  -770.854  2520.433  -666.720     -465.230092      0.000011
BG23 -15987.791284  16131.910319 -13720.279708   398.660 -1707.922 -2484.587       33.180227     -0.000005
BG24 -21331.899280 -12968.471604   9365.791791  -604.847 -1101.274 -2777.965      266.817424      0.000005
BG25 -17014.660983   8630.802948  18095.201693   694.587 -2265.539  1735.556      240.322361      0.000003
BG26  -3516.098376  25337.271609  -6614.286252  -606.854   682.082  2993.361      155.171417      0.000002
BG29 -26324.739859   3229.690276  -2003.089033  -262.540  -188.151  3205.425     -440.363966     -0.000005
BG31   2185.259431  21136.234717  15522.833793 -1401.683 -1462.545  2219.837     -150.064604     -0.000005
BG32 -11467.744038  15069.384316  18665.583458 -2350.290   203.567 -1636.252      -21.797357     -0.000004
BC04 -39669.949884  14332.191085   -561.859998    -1.052     3.025     8.794      157.976903      0.000081
BC06  -7375.722384  23582.800455  34147.466268 -1251.490  -250.331  -106.344      485.248257      0.000055
BC09   1232.212492  25529.002913  33905.592410 -1113.760  -590.375   466.683     -265.574568     -0.000029
BC13   3859.750471  38964.588767 -15131.111341   996.478 -1018.377 -2364.462      474.616145      0.000011
BC14 -22505.899689  12863.507959 -10384.316208   752.463  -923.382 -2766.457      536.559584     -0.000017
BC16 -12597.042999  21554.520641  34078.552181 -1300.374   -61.568  -454.789     -723.118860      0.000015
BC24 -17283.144933  -5586.623255  21187.140074  -586.105 -2352.260 -1095.116     -961.635591      0.000005
BC25 -10220.682820  16232.522412  20254.687809  -741.384 -2197.277  1388.625     -824.978278      0.000005
BC32  10407.691507  12050.557456  22923.170609 -1815.004  1885.658  -167.044     -962.224077      0.000003
BC33 -19938.913208  19486.577470  -1330.810211    22.913  -187.984 -3102.933     -973.132124      0.000006
BC39 -17830.355122  20128.044599  32428.863481 -1290.712   252.699  -873.963       34.026084     -0.000000
BC41  -6952.170358  22369.398289  15200.402172 -1265.105  1183.758 -2327.709     -916.355657      0.000001
BC59 -32286.243276  27097.135484    643.709147    -2.125    -0.344    -6.795        0.744411     -0.000000
BC60   7278.262867  41496.334275  -1649.713034    -2.612     0.628   -14.825       -0.301977     -0.000000

*  2021 11 14  7 34 59.99998212
*  2184  27300.00000000
BG05  -8336.807140 -17261.161692 -18484.480111   824.770 -2173.931  1687.940      -61.011571     -0.000000
BG10 -11635.867443  23116.641742  -5109.843741   -36.685  -720.274 -3128.294     -245.768826     -0.000011
BG12 -13951.671343  -5159.974725  21747.940279  1098.568 -2596.793   100.644     -126.092721     -0.000008
BG15 -20286.413322  -6415.759608 -16496.614516  1855.460  -821.093 -1978.311     -106.597417      0.000007
BG18 -14899.447290   5029.024962 -21425.186782 -1695.642 -2120.184   672.009      295.848599     -0.000006
BG21  21161.114761  15964.060262   5062.917213   230.977   544.536 -3050.387      150.954974      0.000006
BG22  12875.342083  11258.497030  20536.333946  -673.902  2485.502  -927.262     -465.224635      0.000011
BG23 -15749.217034  15051.207740 -15156.467662   393.496 -1892.598 -2299.656       33.177567     -0.000005
BG24 -21661.622509 -13577.091991   7665.712805  -491.320  -928.238 -2885.343      266.819812      0.000006
BG25 -16608.194172   7229.116535  19063.802780   657.600 -2403.879  1491.000      240.325908      0.000003
BG26  -3853.374071  25686.939130  -4794.871714  -519.766   481.585  3067.430      155.173668      0.000002
BG29 -26411.995104   3112.525128    -74.642892   -28.410  -205.633  3218.642     -440.367104     -0.000005
BG31   1299.489198  20234.744649  16791.930071 -1550.524 -1538.689  2007.759     -150.065764     -0.000005
BG32 -12837.926928  15208.842941  17613.851104 -2213.964   259.018 -1867.343      -21.800221     -0.000005
BC04 -39670.548924  14334.048647   -556.048287    -0.958     3.173    10.575      158.025612      0.000081
BC06  -8132.217995  23465.614725  34050.963661 -1268.552  -140.085  -215.285      485.281338      0.000055
BC09    549.355923  25204.959069  34153.732855 -1160.959  -489.126   360.312     -265.593143     -0.000030
BC13   4430.091554  38327.698440 -16534.653705   903.417 -1103.214 -2313.255      474.623460      0.000011
BC14 -22027.870160  12259.312968 -12008.163616   837.909 -1091.059 -2643.391      536.549418     -0.000017
BC16 -13377.952826  21551.873653  33773.333860 -1300.991    52.703  -562.453     -723.109963      0.000015
BC24 -17654.909724  -6967.818994  20460.892683  -651.124 -2248.972 -1324.371     -961.632857      0.000005
BC25 -10699.343416  14897.538633  21020.041108  -854.287 -2249.268  1161.151     -824.974962      0.000005
BC32   9345.186535  13199.725594  22747.454736 -1724.474  1942.075  -418.354     -962.222239      0.000003
BC33 -19884.790319  19326.452435  -3186.132720   155.099  -347.483 -3078.073     -973.128613      0.000006
BC39 -18597.119616  20313.295843  31873.533991 -1263.538   364.350  -976.844       34.026170     -0.000000
BC41  -7663.928870  23058.640580  13755.241089 -1107.564  1110.502 -2486.855     -916.354960      0.000001
BC59 -32287.502664  27096.962814    639.019588    -2.088    -0.215    -8.844        0.744290     -0.000000
BC60   7276.713322  41496.772087  -1657.021768    -2.550     0.831    -9.548       -0.301976     -0.000000

*  2021 11 14  7 44 59.99998659
*  2184  27900.00000000
BG03  14376.255778   4063.225988  21855.260276  -793.413  2682.194    32.872      -13.154355     -0.000011
BG05  -7874.913482 -18535.898325 -17402.774405   715.665 -2071.531  1915.516      -61.012321     -0.000001
BG10 -11644.380775  22617.241982  -6964.406595     5.067  -944.207 -3049.546     -245.773942     -0.000011
BG12 -13320.339758  -6729.251348  21723.025609  1004.322 -2630.178  -183.602     -126.096063     -0.000008
BG15 -19141.492139  -6940.166217 -17621.538410  1957.639  -927.615 -1769.156     -106.595712      0.000007
BG18 -15927.937568   3788.560480 -20940.672227 -1729.463 -2012.214   941.988      295.845120     -0.000006
BG21  21255.356612  16242.634573   3216.411672    80.496   385.661 -3100.916      150.955656      0.000006
BG22  12500.111264  12733.731172  19903.550110  -577.104  2428.254 -1180.672     -465.219178      0.000011
BG23 -15519.197630  13863.241232 -16476.354855   370.336 -2065.036 -2097.169       33.174907     -0.000005
BG24 -21918.102872 -14083.547650   5907.789938  -360.903  -761.135 -2970.679      266.822199      0.000006
BG25 -16228.606023   5749.812008  19882.067233   605.296 -2523.912  1234.774      240.329455      0.000003
BG26  -4142.799382  25913.153151  -2938.135735  -447.578   270.995  3117.677      155.175919      0.000002
BG29 -26359.252296   2979.079499   1854.371567   203.619  -242.360  3207.315     -440.370241     -0.000005
BG31    325.343300  19294.291347  17929.052970 -1695.801 -1592.407  1780.229     -150.066924     -0.000005
BG32 -14121.072359  15377.329931  16427.563740 -2060.506   300.032 -2084.477      -21.803086     -0.000005
BC04 -39671.089808  14335.992901   -549.173920    -0.863     3.316    12.336      158.074321      0.000081
BC06  -8896.042758  23414.932630  33889.200033 -1275.905   -28.794  -323.846      485.314419      0.000055
BC07 -16264.085378  38118.578837  -8119.102176   775.409   821.963  2296.734      239.720651     -0.000044
BC09   -159.142154  24942.804292  34337.817261 -1199.178  -384.209   253.195     -265.611718     -0.000030
BC13   4942.434231  37642.418266 -17906.119822   803.275 -1179.569 -2257.559      474.630776      0.000011
BC14 -21504.136528  11553.914042 -13552.896425   904.728 -1260.324 -2502.885      536.539252     -0.000017
BC16 -14156.232854  21617.708973  33403.813288 -1291.614   166.560  -669.095     -723.101066      0.000015
BC24 -18061.941876  -8282.260554  19599.648873  -703.389 -2130.019 -1544.857     -961.630122      0.000005
BC25 -11245.759325  13537.486130  21646.539886  -966.849 -2280.811   926.032     -824.971645      0.000005
BC32   8340.774569  14377.540341  22421.698310 -1621.692  1980.931  -666.904     -962.220400      0.000003
BC33 -19755.817459  19067.739184  -5020.436379   272.180  -516.262 -3032.909     -973.125102      0.000006
BC39 -19344.665242  20564.733880  31257.021117 -1226.690   473.181 -1077.874       34.026257     -0.000000
BC41  -8281.655322  23698.209461  12219.445655  -952.063  1018.274 -2629.657     -916.354262      0.000001
BC59 -32288.736712  27096.865958    633.105809    -2.046    -0.086   -10.875        0.744170     -0.000000
BC60   7275.207012  41497.331443  -1661.158484    -2.468     1.033    -4.253       -0.301974     -0.000000

*  2021 11 14  7 54 59.99999106
*  2184  28500.00000000
BG03  13929.466670   5679.140704  21790.515327  -694.882  2700.147  -248.523      -13.160017     -0.000010
BG05  -7476.813425 -19742.707689 -16188.710257   612.536 -1947.692  2128.849      -61.013071     -0.000001
BG10 -11633.680520  21984.122296  -8764.521391    27.363 -1165.495 -2946.918     -245.779057     -0.000011
BG12 -12748.079190  -8311.366258  21527.953712   902.110 -2639.459  -466.168     -126.099405     -0.000008
BG15 -17941.286189  -7529.520495 -18617.017693  2039.628 -1037.189 -1547.084     -106.594006      0.000007
BG18 -16970.830151   2617.089765 -20296.265463 -1743.430 -1890.607  1204.646      295.841641     -0.000005
BG21  21254.675467  16429.009499   1346.328404   -85.149   237.550 -3128.896      150.956338      0.000005
BG22  12182.284765  14168.024108  19121.326525  -482.967  2349.133 -1425.091     -465.213721      0.000011
BG23 -15308.152803  12576.113263 -17669.873158   330.493 -2222.736 -1878.699       33.172246     -0.000005
BG24 -22091.594173 -14492.118043   4105.410093  -214.936  -602.336 -3033.462      266.824587      0.000006
BG25 -15884.513250   4204.481084  20543.615034   539.630 -2623.663   968.967      240.333002      0.000003
BG26  -4393.689109  26010.639913  -1058.512553  -391.486    52.946  3143.664      155.178170      0.000002
BG29 -26168.669035   2817.944528   3769.238769   430.567  -297.810  3171.512     -440.373379     -0.000005
BG31   -734.202181  18328.318844  18925.489278 -1834.730 -1623.802  1539.125     -150.068083     -0.000005
BG32 -15307.539911  15565.674628  15115.610806 -1892.085   324.960 -2285.954      -21.805951     -0.000005
BC04 -39671.571076  14338.020885   -541.250104    -0.764     3.454    14.073      158.123031      0.000081
BC06  -9661.350357  23431.126304  33662.465604 -1273.492    82.691  -431.820      485.347500      0.000055
BC07 -15777.937127  38590.961159  -6733.765524   844.060   751.642  2320.321      239.694196     -0.000044
BC09   -887.803995  24744.502018  34457.456773 -1228.130  -276.420   145.528     -265.630293     -0.000030
BC10  -9386.384440  39000.054188 -13472.092972   679.046   930.151  2154.023       12.229168      0.000003
BC13   5392.758747  36914.019081 -19242.848557   696.823 -1246.848 -2197.483      474.638092      0.000011
BC14 -20945.992578  10747.088727 -15008.320020   952.577 -1428.737 -2345.856      536.529087     -0.000017
BC16 -14925.904586  21751.515970  32970.664321 -1272.315   279.131  -774.514     -723.092168      0.000015
BC24 -18496.116027  -9521.062125  18609.108754  -741.359 -1997.145 -1755.122     -961.627388      0.000005
BC25 -11859.030273  12164.653519  22130.061045 -1076.752 -2291.890   684.822     -824.968329      0.000005
BC32   7401.192474  15573.101324  21948.049600 -1508.732  2001.058  -911.057     -962.218562      0.000003
BC33 -19561.450267  18705.513073  -6821.620943   372.891  -692.151 -2967.737     -973.121591      0.000006
BC39 -20067.268938  20880.414424  30580.493869 -1180.451   578.355 -1176.859       34.026343     -0.000000
BC41  -8807.283405  24276.919081  10603.112369  -800.955   907.781 -2755.165     -916.353565      0.000001
BC59 -32289.942440  27096.845501    625.979213    -1.998     0.045   -12.885        0.744049     -0.000000
BC60   7273.754881  41498.010503  -1662.115368    -2.369     1.230     1.050       -0.301973     -0.000000

*  2021 11 14  8  4 59.99999553
*  2184  29100.00000000
BG03  13543.327544   7298.501834  21557.451089  -591.701  2693.614  -527.828      -13.166191     -0.000010
BG10 -11615.396935  21219.789027 -10496.091123    30.411 -1381.081 -2821.213     -245.783784     -0.000011
BG12 -12238.855968  -9891.664224  21164.411641   794.659 -2624.058  -744.797     -126.102748     -0.000008
BG21  21150.511546  16530.241890   -533.667277  -264.117   102.164 -3133.898      150.957020      0.000005
BG22  11919.531219  15548.467315  18195.597920  -393.925  2248.910 -1658.729     -465.208555      0.000011
BG23 -15125.620701  11199.363636 -18727.934758   275.587 -2363.415 -1645.938       33.169586     -0.000005
BG24 -22173.236613 -14808.450685   2272.216201   -55.030  -454.023 -3073.349      266.826974      0.000006
BG25 -15583.283771   2605.806414  21043.343646   462.803 -2701.477   695.743      240.336825      0.000003
BG26  -4615.976499  25975.751339    829.360569  -352.353  -169.785  3145.155      155.180883      0.000002
BG29 -25844.167241   2618.135813   5655.340749   649.541  -371.091  3111.487     -440.376582     -0.000005
BG31  -1874.521459  17350.092928  19773.684193 -1964.605 -1633.364  1286.429     -150.068832     -0.000004
BG32 -16389.059669  15763.803661  13687.868465 -1711.096   332.445 -2470.187      -21.808431     -0.000005
BC04 -39671.991004  14340.130795   -532.292085    -0.650     3.580    15.784      158.172410      0.000081
BC06 -10422.283470  23514.055466  33371.175589 -1261.333   193.513  -538.997      485.379978      0.000055
BC07 -15252.493857  39019.408108  -5335.601358   906.308   675.605  2339.486      239.667079     -0.000044
BC09  -1630.999847  24611.530544  34512.380703 -1247.595  -166.581    37.509     -265.648828     -0.000030
BC10  -8955.158832  39540.033714 -12167.334625   757.474   868.652  2194.480       12.228646      0.000003
BC13   5777.522962  36148.105925 -20542.247037   584.882 -1304.530 -2133.145      474.643833      0.000011
BC16 -15681.055288  21952.263426  32474.682152 -1243.241   389.551  -878.506     -723.083460      0.000015
BC25 -12536.870661  10791.248219  22467.427031 -1181.702 -2282.790   439.117     -824.962590      0.000006
BC32   6531.891620  16774.890721  21329.631446 -1387.799  2001.568 -1149.204     -962.216209      0.000003
BC33 -19311.823069  18236.191988  -8577.805097   456.238  -872.851 -2882.990     -973.118072      0.000006
BC39 -20759.399347  21257.899950  29845.237396 -1125.177   679.065 -1273.607       34.026739     -0.000000
BC41  -9244.132202  24784.094736   8916.874010  -656.499   780.018 -2862.544     -916.351052      0.000001
BC59 -32291.116791  27096.901949    617.653566    -1.931     0.159   -14.870        0.744435     -0.000000
BC60   7272.367477  41498.806586  -1659.890667    -2.252     1.423     6.351       -0.301259      0.000000
